3180525 array 0-7; replaces initial four-worker allocation; resumes saved epochs
3180849
3180850
3180853
3180854
3180855
3180856
3180860
3180868
3181124
3181126
3181128
3181130
3181134
3181136
3181137
3181138
3181306
3181309
3181310
3181312
3181316
3181317
3181321
3181322
3181509
3181518
3181519
3181524
3181535
3181541
3181543
3181545
3181809
3181812
3181813
3181814
3181844
3181847
3181848
3181849
3182281
3182283
3182285
3182286
3182287
3182293
3182319
3182320
3182334
3182338
3182770
3182771
3182772
3182775
3182778
3182779
3182825
3182846
3182947
3183006
3183539
3183540
3183547
